jiangmingchenname 10000 2008 1 1 2010 1 1 1 6 1 11277.9
jiangmingchenname 20000 2008 10 31 2010 2 15 0 0 -1 20093.8
jiangmingchenname 40000 2009 3 25 2010 5 3 0 0 -1 40160.3
jiangmingchenname 35000 2009 1 6 2010 8 25 0 0 -1 35207.7
xiongdaname 50000 2008 3 1 2010 4 21 1 24 0 54707.4
zhouhangname 50000 2008 3 1 2010 4 21 1 24 0 54707.3
zhouhangname 50000 2008 3 1 2010 4 21 1 24 0 54707.3
jiangmingchenname 50000 2008 3 1 2010 4 21 1 24 0 54707.3
wangdainame 50000 2008 3 1 2010 4 21 1 24 0 54707.3
jiangmingchenname 50000 2008 3 1 2010 4 21 1 24 0 54707.3
zhouhangname 50000 2008 3 1 2010 4 21 1 24 0 5.5e+04
zhouhangname 50000 2008 3 1 2010 4 21 1 24 0 54707.3
zhouhangname 50000 2008 3 1 2010 4 21 1 24 0 54707.35
zhouhangname 50000 2008 3 1 2010 4 21 1 24 0 50027.35
jiangmingchenname 50000 2008 3 1 2010 4 21 1 24 0 54707.3
zhouhangname 50000 2008 3 1 2010 4 21 1 24 0 54707.3500
zhouhangname 1000 2008 9 1 2010 7 2 0 0 -1 1006.8400
zhangtianxiangname 10000 2008 9 1 2010 10 8 1 24 0 10940.0500
zhangtianxiangname 90000 2009 8 8 2010 9 6 1 12 0 92050.7700
zhangzename 50000 2008 3 1 2010 4 21 1 24 0 54707.3500
username 50000 2008 3 1 2009 4 21 1 12 0 52096.0300
qiyongboname 50000 2008 3 1 2010 4 21 1 24 0 54707.3500
jiangmingchenname 50000 2008 3 1 2010 4 21 0 0 -1 50489.5800
