2007 05 19 0.81 2.07 2.61 3.06 3.69 4.41 4.95
2007 07 21 0.81 2.34 2.88 3.33 3.96 4.68 5.22
2007 08 22 0.81 2.61 3.15 3.60 4.23 4.95 5.49
2007 09 15 0.81 2.88 3.42 3.87 4.50 5.22 5.76
2007 12 21 0.72 3.33 3.78 4.14 4.68 5.40 5.85
2008 10 09 0.72 3.15 3.51 3.87 4.41 5.13 5.58
2008 10 15 0.72 3.15 3.51 3.87 4.41 5.13 5.58
2008 10 30 0.72 2.88 3.24 3.60 4.14 4.77 5.13
2008 11 27 0.36 1.98 2.25 2.52 3.06 3.60 3.87
2008 12 23 0.36 1.71 1.98 2.25 2.52 3.06 3.60
2010 10 20 0.36 1.91 2.20 2.50 3.25 3.85 4.20
2010 12 26 0.36 2.25 2.50 2.75 3.55 4.15 4.55
2011 02 09 0.40 2.60 2.80 3.00 3.90 4.50 5.00
2011 04 06 0.50 2.85 3.05 3.25 4.15 4.75 5.25
2011 07 07 0.50 3.10 3.30 3.50 4.40 5.00 5.50